0,273
0,270
3,2
3,1
3,3
10,98
10,102
10,34
10,130
10,246
10,228
10,224
10,108
10,2
10,3
9,7
9,6
9,1
9,4
8,6
8,13
8,11
8,15
8,14
8,9
8,2
8,3
56,3
56,2
56,1
56,0
48,4
48,3
48,2
48,1
48,0
47,4
47,3
47,2
47,1
47,0
46,4
46,3
46,2
46,1
46,0
44,5
44,4
44,3
44,2
44,1
44,0
41,6
41,5
41,4
41,3
41,2
41,1
41,0
39,6
39,3
39,1
37,3
37,1
35,5
35,3
35,1
30,3
30,1
27,3
27,1
20,3
20,2
20,1
19,3
19,2
19,1
18,3
18,1
14,5
14,4
14,3
14,2
14,1
14,0
13,3
13,1
12,3
12,2
12,1
11,30
11,29
11,28
11,27
11,26
11,25
11,24
11,23
11,22
11,21
11,20
11,19
11,18
11,17
11,16
11,15
11,14
11,13
11,12
11,11
11,10
11,9
11,8
